0
1
2
3
4
5
6
7
7
8
5
6
7
8
9
10
10
9
8
7
6
7
3
4
5
6
7
7
6
7
8
7
8
8
4
5
6
7
7
6
7
5
6
7
7
1
2
3
4
5
6
7
7
8
9
9
10
11
12
13
14
14
13
12
13
14
14
15
16
16
17
18
17
13
14
14
15
16
17
17
18
18
19
20
20
21
21
19
16
15
11
10
11
12
13
14
15
14
15
16
16
17
18
19
20
21
22
20
21
21
22
23
24
19
18
13
12
11
12
13
14
15
16
16
17
17
13
12
13
14
13
14
8
6
7
8
5
6
7
8
9
10
11
12
12
11
12
13
14
14
15
16
17
18
18
17
15
12
9
10
11
12
13
13
10
11
11
8
7
8
8
9
6
7
4
5
6
7
8
8
9
10
11
12
13
13
12
11
12
13
14
13
14
10
9
7
6
7
7
8
9
10
10
5
6
7
8
8
7
3
4
5
6
7
8
9
10
11
12
12
11
12
12
10
11
11
12
9
10
11
10
7
8
5
6
7
8
8
9
10
11
9
7
8
9
10
10
11
12
9
8
9
9
4
5
6
7
8
8
6
7
7
8
9
10
11
11
12
13
14
14
13
12
13
13
10
8
9
10
10
5
6
7
7
6
7
8
9
10
10
11
12
12
9
10
11
11
12
13
12
10
8
7
8
9
9
8
2
3
4
5
6
7
8
8
7
5
6
7
8
6
7
4
5
6
7
7
6
7
5
6
7
8
9
10
10
9
10
10
8
9
9
7
6
7
8
9
9
8
9
10
10
11
12
13
13
11
9
10
11
12
13
14
15
15
16
17
17
14
10
11
11
12
12
13
14
15
16
17
17
18
18
14
13
14
15
16
15
14
15
16
16
17
18
19
20
20
18
19
20
20
21
22
22
23
21
19
0,27,415
0.0001,27,144
0.0002,27,144
0.0003,27,144
0.0004,27,144
0.0005,27,144
0.0006,27,144
0.0007,27,144
0.0008,27,144
0.0009,27,144
0.001,27,144
0.0011,27,144
0.0012,27,144
0.0013,27,144
0.0014,27,144
0.0015,27,144
0.0016,27,144
0.0017,27,144
0.0018,27,144
0.0019,27,144
0.002,27,144
0.0021,27,144
0.0022,27,144
0.0023,27,144
0.0024,27,144
0.0025,27,144
0.0026,27,144
0.0027,27,144
0.0028,27,144
0.0029,27,144
0.003,27,144
0.0031,27,144
0.0032,27,144
0.0033,27,144
0.0034,27,144
0.0035,27,144
0.0036,27,144
0.0037,27,144
0.0038,27,144
0.0039,27,144
0.004,27,144
0.0041,27,144
0.0042,27,144
0.0043,27,144
0.0044,27,144
0.0045,27,144
0.0046,27,144
0.0047,27,144
0.0048,27,144
0.0049,27,144
0.005,27,144
0.0051,27,144
0.0052,27,144
0.0053,27,144
0.0054,27,144
0.0055,27,144
0.0056,27,144
0.0057,27,144
0.0058,27,144
0.0059,27,144
0.006,27,144
0.0061,27,144
0.0062,27,144
0.0063,27,144
0.0064,27,144
0.0065,27,144
0.0066,27,144
0.0067,27,144
0.0068,27,144
0.0069,27,144
0.007,27,144
0.0071,27,144
0.0072,27,144
0.0073,27,144
0.0074,27,144
0.0075,27,144
0.0076,27,144
0.0077,27,144
0.0078,27,144
0.0079,27,144
0.008,27,144
0.0081,27,144
0.0082,27,144
0.0083,27,144
0.0084,27,144
0.0085,27,144
0.0086,27,144
0.0087,27,144
0.0088,27,144
0.0089,27,144
0.009,27,144
0.0091,27,144
0.0092,27,144
0.0093,27,144
0.0094,27,144
0.0095,27,144
0.0096,27,144
0.0097,27,144
0.0098,27,144
0.0099,27,144
0.01,27,144
0.0101,27,144
0.0102,27,144
0.0103,27,144
0.0104,27,144
0.0105,27,144
0.0106,27,144
